72 4 8 16
7
68 89 4 93
79 5 74 49
38 89 62 41
24 96 49 56
73 32 17 55
65 37 64 73
8 99 94 80
72 4 8 16
7
68 89 4 93
79 5 74 49
38 89 62 41
24 96 49 56
73 32 17 55
65 37 64 73
8 99 94 80
25 25 25 25
1
49.999 49.999 49.999 49.999
72 4 8 16
7
68 89 4 93
79 5 74 49
38 89 62 41
24 96 49 56
73 32 17 55
65 37 64 73
8 99 94 80
72 4 8 16
7
68 89 4 93
79 5 74 49
38 89 62 41
24 96 49 56
73 32 17 55
65 37 64 73
8 99 94 80
25 25 25 25
1
49.999 49.999 49.999 49.999
72 4 8 16
7
68 89 4 93
79 5 74 49
38 89 62 41
24 96 49 56
73 32 17 55
65 37 64 73
8 99 94 80
72 4 8 16
7
68 89 4 93
79 5 74 49
38 89 62 41
24 96 49 56
73 32 17 55
65 37 64 73
8 99 94 80
25 25 25 25
1
49.999 49.999 49.999 49.999
25 25 25 25
1
49.999 49.999 49.999 49.999